50 50
85.161101 -55.517639 -52.775881 -78.218447 62.961926 -57.973739 87.185304 92.752981 10.284385 -9.801536 53.100986 28.479457 39.575584 93.493510 0.167226 -56.052909 -19.482787 -90.637380 -27.791239 -36.423183 -31.180924 20.369385 -69.748063 60.876519 -76.716139 -2.719686 63.167183 76.416957 -57.737682 8.239959 47.068832 -72.576582 52.722320 94.292951 -50.795029 15.684246 -63.680787 -63.609724 8.437227 46.603598 26.588739 -38.461788 -24.916945 -33.835677 -44.968277 75.250281 10.111414 35.548935 84.612900 82.320175 
99.125752 -46.568023 2.689560 -70.622312 -85.691505 25.973421 26.658003 77.475678 2.390378 68.920320 -14.284363 -50.540790 96.343739 -61.562043 -56.247839 -54.451290 54.122203 -19.928626 -18.061015 -37.440570 -73.325029 -91.472275 24.097642 1.758026 -25.307952 79.129365 -22.991693 84.803462 14.678300 -38.378793 67.123636 13.804052 15.053183 -30.186804 43.181740 29.361679 95.786617 -30.160257 6.837357 -1.823005 -61.239937 92.552994 47.636205 -64.896199 -69.009049 91.388366 -19.347489 85.113154 -28.540260 62.591497 
-52.327416 -1.865289 71.119222 71.770226 99.892737 -54.188731 50.899591 -23.098956 -69.385269 -34.422109 38.522250 97.738367 79.381942 -46.424566 -32.448436 22.563683 82.937112 -36.661819 92.403425 -10.225531 61.515176 -68.836512 -17.672538 9.151381 -33.732710 13.318413 0.539747 46.919801 -1.568433 71.999487 9.511298 46.104150 -29.865802 -19.369480 17.874376 -29.973065 26.441789 -31.226033 46.927978 57.056520 34.351857 -14.549771 54.794887 13.733800 39.025663 -77.653550 -63.702518 21.962775 -14.315369 -71.299092 
-88.262756 -52.800192 -40.135604 -5.935294 56.351189 26.131686 -92.616881 -43.109064 -26.948513 5.814686 -71.109577 82.562785 -48.081163 -0.975379 -36.806695 69.793213 69.051556 89.635094 -61.432821 15.979534 46.691614 72.919037 -98.570237 1.486500 -13.347164 40.455425 23.832951 22.950319 -37.581800 -90.482418 51.651227 -25.844556 -43.282610 -88.484378 68.220150 -86.931421 37.647308 75.603269 -30.040485 -89.301205 -18.582044 -1.150062 93.261580 33.336792 97.874560 -43.545115 3.130005 66.926116 -53.910021 41.697184 
-17.094350 92.781592 14.616221 -15.664587 -5.731907 -98.730943 -75.209162 -81.898957 24.219376 -12.790962 -72.381374 -24.129397 61.364482 -15.663985 -12.613775 29.584632 -2.595406 -74.966467 5.187902 67.364109 -64.267672 86.605857 -33.785952 -71.006091 19.942649 -35.911392 -14.551206 -76.927346 -68.985277 31.538772 64.769839 13.920373 24.320365 -20.613940 98.255786 -81.411543 -19.344883 -76.953376 -63.310500 -95.125507 10.255663 -35.691874 -19.254904 -28.379855 48.644142 68.131321 -98.795223 -53.951264 93.164854 6.392679 
-86.587155 -71.102817 -7.001464 -20.373107 -42.108909 -87.058815 43.715501 43.339885 -63.986160 74.730224 -25.121343 -99.216322 -11.349403 99.199022 -19.830262 -13.093617 -82.212521 60.824855 9.953007 -45.523021 65.699348 -79.791330 18.785105 -53.555556 -8.171185 -32.570753 -85.424234 -6.966408 13.477983 -92.259380 99.426271 26.890828 -63.362197 -7.575193 -93.482279 -5.471106 5.365992 50.233221 -62.131221 41.379832 24.963445 12.747436 42.163510 -86.385958 11.946458 -77.666752 0.520425 29.733936 83.158103 -89.526568 
84.210916 48.857451 -69.317898 2.996021 95.301895 22.510917 70.425268 -90.122339 -84.455492 -16.096750 -82.381719 -85.029221 -89.205922 -45.743917 7.395585 -82.688202 48.784978 -87.238423 67.545020 86.653756 54.141409 -7.491535 -0.598808 -3.695082 6.122507 -88.652350 18.638166 -93.357068 41.081586 1.796268 -82.883636 25.292502 -49.346281 -52.201534 -71.711477 -54.044386 70.309382 98.713791 -44.166725 85.853891 -17.382959 -26.548445 -99.175331 -6.588882 27.707639 8.220254 10.722917 -23.507384 20.981832 -21.732063 
-36.853627 -24.876760 70.776401 62.547565 71.428159 -23.101092 73.895215 -9.933676 -16.458160 14.976802 91.862593 0.658204 -59.730696 -57.483688 48.456670 -31.442173 -11.528074 18.766052 -32.728383 44.305201 4.619942 49.888658 -82.243244 5.444612 -56.700224 45.464395 -86.335134 54.022693 -78.042988 34.646697 -67.709370 -14.896615 -90.230063 -96.932969 -52.349050 81.198096 -20.034061 -78.453835 -28.735579 63.507779 36.522967 -36.872986 -35.834017 76.792270 5.643326 -87.377348 -54.649903 94.115252 31.388704 12.621714 
38.420453 -63.991353 -37.489628 56.177209 41.453258 5.810148 1.641605 55.118124 -40.167159 23.598616 -10.235178 -7.876529 -91.297999 -0.465241 -4.809498 -43.647049 -19.267145 75.156441 -22.100884 51.997276 38.664220 -85.577917 -84.875711 -97.169797 91.214353 20.767615 -84.547145 -63.435550 14.882867 46.841560 49.186164 -46.696681 82.850206 -88.303465 -90.519472 24.303465 17.506683 11.122133 -20.578411 77.339525 -65.279251 69.186411 -30.537004 -56.577250 -31.278830 64.653498 -0.224298 49.454025 39.809939 77.674818 
1.451301 -21.525841 92.096900 16.575590 -18.695638 83.311253 -62.656795 -3.242783 -80.124297 52.226071 -56.401223 69.061867 -94.470610 -73.551017 80.758402 -84.990081 50.752448 -1.734914 26.132052 -69.825964 -24.395389 60.852801 99.360447 45.067606 -95.724448 -31.918383 9.721104 4.051253 -82.464358 -50.468957 -18.273929 18.986942 28.005202 -26.177029 -64.437468 -90.690436 -42.865776 -27.094263 6.066781 -22.990072 -74.868191 49.665558 -53.928206 -69.338801 76.114541 -73.169803 -54.328882 26.866988 25.095283 71.803170 
57.041025 -99.300107 32.655971 56.401472 45.767500 36.931522 -75.516912 -44.511396 -59.017224 -57.981270 5.019647 22.708846 61.005672 -66.975151 96.531817 96.568204 -57.665587 -46.333958 -30.526059 48.401194 30.675969 -5.394250 -1.933249 76.747764 25.266949 -25.818708 -96.422040 70.938067 -98.951720 28.673243 42.741237 58.089305 29.373137 -24.602793 14.490776 -24.859364 -87.671270 38.973865 30.629240 -46.688495 80.992594 -64.351114 76.020352 41.998266 -31.326265 72.552169 38.566471 11.008148 -73.781790 -91.959588 
-40.590658 56.894180 2.646162 57.476093 33.641943 -72.086889 -68.342615 37.219904 98.851178 -67.294335 -34.106853 41.592414 90.794970 95.266283 -83.010379 5.285746 -29.593081 -70.681649 -55.740389 -98.963841 -17.370144 -74.747795 -63.314955 -41.349792 67.250471 5.358780 -68.797624 5.816942 -83.633072 -42.579413 13.857354 -24.223730 -85.685234 -83.496484 -66.747638 47.956709 -55.583373 -35.090253 -14.823387 -56.732196 -2.384588 51.069760 84.860218 -11.589618 46.336043 -98.150160 93.696128 -83.257038 -68.831809 -62.044262 
-82.220879 13.798047 -36.792057 -45.535834 72.448255 -69.541586 59.822947 -96.349369 36.275356 76.189875 -38.928782 -49.867290 -48.033856 -24.614016 -33.363774 -14.781493 -76.657307 11.052852 50.128254 8.519306 54.320657 -52.256334 -40.410934 39.180875 36.154048 -94.074891 41.030715 29.850176 -77.331929 72.198906 67.805914 -59.552808 -14.003047 -68.986143 -5.088642 -41.554792 -38.527728 -45.265695 -37.904160 97.747628 -69.075820 23.167058 -52.119662 -17.109676 98.553042 14.516563 68.108831 -78.104265 -74.430584 18.237085 
30.415042 79.890072 65.980752 90.004108 19.070947 2.134800 95.929216 -39.898338 -68.015025 -81.402713 -67.699432 99.790890 -40.955521 18.297521 -69.195253 53.955837 76.742729 -7.722981 -91.309858 -61.161431 -9.975353 -60.385678 62.005627 37.904984 22.504646 60.558669 -47.578452 -9.386523 82.454404 -22.009036 -91.149438 12.869446 -42.118964 74.831314 2.873554 76.951983 -23.033887 -1.197230 -62.946355 8.951089 17.400057 -30.645787 8.741978 76.444536 87.651734 39.546725 30.400373 64.394463 -68.176256 39.090515 
-96.766968 21.848390 78.704837 65.238659 -40.246625 1.209483 25.797328 12.174923 91.822960 8.251732 90.165886 -99.326478 -78.878822 -51.953078 75.504835 23.994732 -75.001095 -47.529051 -77.202498 -37.947450 61.422037 40.197559 31.406763 -29.835984 16.642095 19.058497 -90.289259 -52.957532 -16.547040 -58.465515 86.132983 -13.314008 63.382875 64.837820 -48.075349 -76.863750 -33.952697 77.721979 35.311172 -42.129738 -14.026289 25.477059 -41.456216 7.094889 73.523981 -65.951381 -68.910379 98.522886 -13.480432 -46.112877 
-39.424564 -52.058395 94.084682 91.982199 18.105621 10.726777 11.040695 27.816362 57.769245 94.493655 69.350847 43.902228 -18.820353 32.733721 8.740048 33.104298 55.869971 74.787351 10.826276 -8.818856 -67.342387 96.799987 -83.341798 -8.798602 3.894877 90.182183 25.250017 34.984498 88.705068 -88.230415 88.871621 -50.719496 -40.288810 82.956302 -58.737298 77.816812 -6.316921 52.303397 5.633173 -48.547676 46.797052 -25.015980 95.354551 -72.023301 -92.282259 4.094600 61.080997 63.587712 -21.118049 -28.092727 
-45.231144 11.539564 -31.292739 -28.572942 -97.259038 72.602138 -38.390759 27.990979 7.586635 -49.685691 39.760563 -3.541744 -0.405187 99.471754 -20.585442 40.857515 77.288565 73.097637 -6.839088 -17.078261 -75.450039 -60.042035 57.905759 -80.095488 -32.065336 65.623500 23.999112 -70.984339 29.211212 -97.118938 0.922934 83.980068 14.420626 69.630195 -44.592874 17.161588 42.232332 17.016367 -54.847434 -50.181032 67.330676 84.913130 46.277224 -33.074512 84.384884 -74.308218 -92.216997 61.673449 98.789419 0.943915 
-55.404812 -76.660620 40.901880 -97.499054 -56.756108 -91.163456 68.124446 67.243004 -62.147795 -2.664342 70.124066 38.775139 -18.684273 -15.455308 8.405334 36.722853 -98.293720 -49.362334 -46.260781 -53.141154 0.456634 -78.930105 -68.228024 -53.266142 -12.004617 -83.843140 -27.574361 -4.221614 77.830309 -28.784941 96.722302 -77.574504 -5.445562 37.624182 -75.073557 37.798331 46.460726 93.050889 5.041334 84.312931 -9.613453 -24.834600 23.088069 71.702274 59.710092 -68.506597 8.425126 61.416372 -17.868931 62.164346 
-91.724781 82.587703 83.234241 -59.952805 -70.678439 -28.770377 -43.795946 1.747200 67.008010 -65.965637 72.962259 63.730311 -43.540141 -32.483303 1.354493 -18.613699 -94.684972 -52.184781 -25.562810 10.356362 -67.871851 64.823737 85.521762 55.216219 36.526011 45.231855 86.709622 -55.048862 6.648227 -31.159309 -92.884517 14.923446 -48.571605 90.349724 54.970640 -19.250044 -38.420653 -88.825306 82.497156 -71.412643 -54.790943 55.459415 92.317668 1.668916 -77.023888 -6.327839 83.055217 -71.708860 41.487380 -42.507593 
38.647502 73.615529 -77.683855 24.169264 28.831748 58.842156 -30.598881 15.541369 -96.206706 76.049346 84.382061 -89.091223 -9.027208 -64.189545 -98.741499 -54.056568 16.560411 -37.162152 -42.881874 -0.942433 -8.574795 2.327183 -45.483019 -16.257126 -96.003901 -22.506907 77.415035 87.051316 5.784233 18.902415 -55.456276 -55.568265 -7.482056 -33.140132 68.600999 -78.650309 -74.297976 -61.997882 36.891061 -70.504682 -85.948536 21.273121 -59.595905 5.024256 57.083576 -58.337404 50.967688 -26.356013 4.500444 -91.914186 
72.701554 95.925649 10.412997 -72.781465 -20.331477 14.409096 4.711628 -42.916443 1.460412 -89.504139 75.985972 46.004136 -45.072404 -31.496085 -87.135996 -76.471405 -10.146393 -61.433971 -38.469287 -73.255333 -31.938654 -24.417823 48.017788 8.465441 80.606433 5.101364 50.128037 31.574121 78.745351 -45.371519 39.659934 51.446905 -49.445870 -49.927069 78.665440 30.222653 64.482027 -16.622932 87.306210 -34.057560 -6.127071 63.292182 -88.053424 48.800525 -68.203903 -75.189420 72.329120 21.649704 -36.623392 -66.140167 
48.394371 31.437955 9.442010 -3.587841 -60.096604 -9.951557 -98.486476 90.031433 -78.377437 80.258875 -55.340086 61.282498 31.705780 -4.785955 -88.644571 10.371219 -74.563303 75.837456 93.748287 -87.257092 -58.220104 -12.378784 76.035090 -46.273528 -63.578260 -92.168813 -21.462949 -91.249140 29.480891 41.913660 -57.389307 -22.124737 -26.648385 52.052703 74.287422 13.255011 -57.898855 75.800946 3.286444 -36.276292 56.059821 47.946359 -74.993794 -12.234399 -56.839597 -63.638365 98.136820 -31.402899 -87.800909 91.885107 
-18.659992 -46.021013 -20.493678 -42.624902 7.705459 15.928063 -34.793715 86.242510 24.678923 94.687177 28.156170 67.289615 -27.437561 -98.492216 19.342318 -53.150139 14.762795 61.443463 -77.349193 -81.950760 -74.832829 78.710627 65.995598 -49.826623 -33.523772 -90.843999 -13.464988 -35.386952 -22.246898 -1.265897 -43.501845 59.093110 52.713090 36.004477 -83.531792 -39.581451 -48.067460 -18.325506 -53.338941 76.611463 -23.638330 74.817229 43.901078 48.924110 76.325013 -36.756605 95.773971 -8.912192 -75.313142 -81.575223 
9.137048 -50.145970 97.135405 -24.867354 0.027407 -36.388368 -15.711353 86.562419 28.224680 62.041750 -14.703478 84.722835 21.134860 -61.990388 20.727312 37.603068 -1.571839 72.659852 -80.722438 45.089220 49.271314 -4.360767 19.906449 -6.827608 -55.436658 -3.768538 56.415788 -59.662687 87.319270 81.102646 -41.237910 -3.543682 -69.043324 -44.102505 71.588964 30.984083 19.509127 -44.122389 17.546502 -52.266193 -82.080639 -97.156976 -67.543358 39.054221 -59.147364 53.183954 -23.342711 39.280797 25.843806 -4.065149 
-15.629983 -24.884880 91.574084 -95.723534 68.287512 -63.862574 0.507928 24.703299 -23.525261 -12.172802 5.805945 35.236829 84.283516 36.762621 91.134324 55.872480 -32.253297 10.643451 -88.249909 85.293205 58.377258 -70.330548 88.136228 90.833900 68.723672 -71.011136 44.017853 -54.619039 68.269661 -30.138341 41.315812 -47.360322 44.976778 32.889896 -43.083856 13.264290 69.027323 57.424071 -62.032411 -54.497938 -54.748731 43.773534 80.738891 -70.465216 -19.463845 71.873215 85.407264 48.282858 -17.483334 97.157355 
33.576063 -59.106077 -73.173194 21.712291 -68.272177 95.550479 50.701155 75.745676 -59.068560 18.970816 -54.392665 82.247252 71.610494 90.584113 15.137149 -71.473362 3.848403 -15.835529 85.950710 41.815992 29.666533 -68.798022 -14.410473 10.405423 -39.263237 66.125681 -17.721362 -53.855973 14.408539 64.795304 -56.698619 -52.015398 -94.310773 -29.871812 69.696893 -62.582950 -34.321334 20.398048 -86.837274 6.610106 -60.631136 -41.229939 -11.142642 -89.020642 -50.645826 -96.005493 -60.494004 53.202577 -11.841022 -74.543294 
-4.981430 -82.174489 -43.341316 80.608096 28.230934 17.395447 46.733778 -89.490428 63.539474 -38.857683 75.304876 -93.159145 9.126919 80.994103 -23.030957 -21.176189 -81.588847 42.647709 99.221859 -68.426121 -50.742185 -61.409277 -9.656060 38.115173 -50.429919 39.698114 42.109680 -10.923923 -7.099309 -69.731342 14.532783 87.919261 -51.905831 71.191467 68.527357 76.325103 -11.413086 15.261134 86.834675 -47.873613 76.403451 62.139551 -41.032758 -14.469630 43.133654 35.936285 64.354181 61.544807 -21.416006 63.576040 
93.118686 27.841809 -97.833236 -16.537375 -34.043018 -48.263155 -76.839261 -91.933337 40.812922 16.061430 -61.664679 -44.654295 3.980691 -13.570510 -73.462828 -27.491952 -37.245407 15.124085 87.769182 -50.410732 67.250473 64.172633 -88.271181 -73.782285 -50.296997 54.862473 62.154000 -85.942816 16.407279 -59.262007 77.633225 9.525965 68.579802 79.799988 92.988590 -65.463216 -68.463167 -83.850671 -57.396553 72.349755 32.210759 -19.061232 -72.304540 -63.808550 67.368258 -45.767369 8.699498 -69.877149 69.356717 -3.531320 
-20.287881 36.607189 -39.358687 -8.559062 62.824904 10.344316 -53.696590 24.978904 24.401501 62.710690 65.716897 2.034725 -27.763345 34.296699 -18.165287 -34.774755 68.833484 13.371546 -18.625426 -88.563069 -14.278699 -86.414667 -7.624301 13.416761 -50.223216 -40.256043 67.649392 58.476282 -10.133192 37.006109 -45.055039 69.578926 -26.386702 15.586275 -38.980136 -63.561798 -74.069409 7.323274 61.417106 50.332092 -29.966036 27.134003 -47.633183 42.270619 -38.569298 34.201530 -92.504137 -69.735814 -52.426924 -11.129563 
-58.298883 33.294377 2.455771 34.076816 -53.288862 52.232554 93.820773 -85.639470 10.708836 -16.312420 51.366638 65.653797 -46.733494 -75.020064 -18.759928 14.286370 -38.581862 7.170663 -78.390356 -77.164756 -42.497246 -8.356392 49.969247 9.869571 -66.085773 -88.600051 -55.928899 -58.589910 -58.335865 -8.355822 30.280527 -16.634749 -75.061445 -67.263702 -82.557933 -28.350307 84.968853 -88.737160 -13.989778 -4.322311 -5.049580 -62.623140 -38.668514 48.216926 -37.643203 42.571558 -37.496704 23.774935 -50.257779 -15.887059 
46.610179 7.244975 75.756549 -3.420575 -82.885454 -90.329224 7.979374 -38.814352 -48.919134 49.643509 52.829825 81.361393 -66.991240 77.768380 -85.902309 -49.549173 -50.581927 99.066544 -38.286333 35.428295 -5.255767 56.664087 72.805155 56.075718 4.881013 -64.838048 -1.352724 67.384309 58.936886 48.389497 -48.502750 5.547065 -44.365528 -72.746201 -97.873510 -27.250982 -63.075426 10.105864 33.934666 -11.994560 -40.250627 -13.235509 -30.633167 -7.241867 -35.467129 -16.535476 43.208961 13.950943 -17.468932 -95.077373 
-50.620762 77.275300 61.586714 -77.815607 33.351019 -33.532273 -42.653655 -68.001705 -66.147964 -83.716769 80.387792 -14.650715 21.830296 -63.977736 12.603084 23.956786 8.771282 49.527658 -65.937350 -57.294052 -62.466902 -6.187977 29.470439 6.899930 86.570157 94.003310 90.364454 29.779117 7.954253 -27.104478 34.701744 57.333491 -49.829177 -3.711542 79.517885 83.521841 62.756185 -63.135770 -84.479864 96.608221 -46.852539 95.907928 -18.042494 74.977757 -68.069809 94.560590 -1.065456 40.701473 44.088248 32.997194 
83.407421 81.621346 -73.190783 12.877859 -11.478724 -86.620626 6.881169 -21.114270 43.158491 -85.164578 51.781252 -22.139765 72.168914 -98.047925 74.148694 51.686798 85.473916 36.904879 88.551028 -99.005948 33.513099 -58.301511 96.901980 -84.529394 -83.323754 -71.167829 -89.968804 15.610789 69.533644 54.119444 -51.392017 52.941064 35.740789 -24.582799 -34.181076 -75.737935 -11.203425 72.700093 3.147795 -68.044934 87.535515 -45.070953 9.815301 59.704429 -43.118878 -16.036006 11.391227 -57.644962 -79.131127 -0.057746 
-56.650910 54.381973 41.640743 -59.748931 69.852578 58.316989 -30.916760 79.883774 -26.072222 -61.383116 34.003218 22.535762 91.557948 -30.255993 97.952963 -42.623128 -5.993928 -13.250462 -69.923036 97.153867 18.704603 -82.387521 -47.917086 -71.480096 77.316908 8.964036 12.483898 -11.291866 51.319074 33.352771 88.650389 94.668164 -12.265256 30.291131 -65.080767 -42.412678 -11.391880 4.002473 -62.528904 62.535899 42.619357 71.474314 -14.928340 34.177305 -58.781680 -16.975377 91.554177 35.224393 69.774160 -78.368859 
32.378260 -11.521236 -60.756380 84.461174 16.998668 -83.439472 -6.574790 -70.517434 5.268662 -55.255716 62.835337 -6.080950 -60.587552 -49.429919 -75.789818 -25.668318 8.157404 12.818302 78.334155 45.628500 -24.645800 20.953512 17.102813 60.425861 -44.869183 58.321134 -56.549516 -53.315007 -6.454474 -86.775356 -31.683866 -74.076214 1.703408 7.559754 -89.615041 -81.297925 24.120282 3.810170 -51.815359 -70.611056 48.554454 -88.980022 23.307994 87.966902 -38.409940 47.518176 -37.701416 69.747463 -39.663522 -59.367261 
15.375963 35.690678 61.586251 -67.521224 -3.883461 -83.282932 90.799910 39.567022 -36.597939 -15.654564 52.791666 31.718195 10.269221 -45.504926 -60.722051 20.654181 -26.802851 63.398231 -75.535650 21.381790 92.787175 73.018804 32.401768 16.095169 60.985706 93.991828 -36.386656 -76.715711 63.739292 23.949822 -36.082972 -20.884746 -40.359500 -74.496722 11.594030 55.757039 -57.779654 2.393940 -4.675938 5.622407 86.739376 -51.884272 -62.659398 -2.991403 2.610802 -23.381449 -82.337222 75.807951 -59.983218 -57.872872 
-2.810259 -67.196043 -84.854068 -70.408491 48.899125 76.131638 -76.416663 -87.487530 99.415927 87.322629 36.462292 -36.667045 -33.562117 96.102792 -11.163766 78.031914 51.859831 31.056580 -19.574146 -52.816107 -63.321013 -32.834771 -4.700379 -25.980411 64.173826 97.910423 50.638140 81.836604 73.718373 90.654922 -76.036268 -29.091886 -76.541122 -60.890335 0.499624 72.358004 -84.758698 24.082961 84.870473 -85.342770 11.405590 21.332765 -22.009815 77.843473 17.435558 66.826418 55.875387 -30.704611 -2.117002 -63.698759 
16.479282 34.561984 3.466470 -88.221097 -91.418427 -32.359704 -90.310675 59.219713 -50.523099 83.407699 49.874634 -26.559367 -45.684187 73.333513 12.550298 54.815437 45.691516 27.791600 -21.101603 30.561990 42.448830 90.303987 -48.105245 -79.560986 68.147461 69.330313 87.265432 24.022848 -61.374298 -14.851570 60.324088 55.104984 -80.289586 -36.209442 66.883886 -71.708013 31.430854 76.573212 87.511700 80.907755 59.980911 37.386334 -45.651612 -85.703276 10.719847 66.898686 69.112160 -43.588637 -5.309714 -51.989442 
86.973352 -62.860885 -61.685455 -61.131893 -42.421871 -93.537994 -91.801580 -55.156438 30.484854 -53.175878 29.991992 -9.191058 -98.070895 49.702406 54.599500 68.812992 77.994394 -13.969646 45.386204 65.506093 -33.061891 5.367114 2.892427 21.286498 19.663838 -86.387726 -11.814817 -11.224002 -29.976364 82.875469 36.786556 -43.003011 -79.985416 75.101101 -4.134904 -22.407286 81.563107 4.063516 22.436276 12.047961 50.887638 -47.571733 -97.143098 52.816744 -97.869326 57.456402 21.629736 80.125067 -56.513244 -32.984061 
45.631161 10.424866 72.383054 -51.476412 -68.288637 -7.953108 -37.864139 19.896546 80.822891 32.159497 2.772015 17.609447 89.156486 22.786600 -7.289452 -14.978418 -99.620687 -25.726345 89.085099 22.815589 86.321616 39.972737 75.243857 89.178519 -7.210520 77.374530 46.634921 -85.580784 57.499598 90.121677 -18.564845 3.130758 0.546543 -46.181791 51.654346 32.257906 45.865101 -86.209793 -47.845547 26.687991 45.949704 54.926468 -55.702562 35.106190 -22.286932 37.007986 -79.872227 -21.907619 -88.718359 -90.787129 
-99.092030 97.603258 49.185608 76.151827 86.781776 -58.024912 53.526357 33.416697 -43.605696 11.025955 23.538374 37.829460 -85.843287 -75.915083 91.647669 65.811058 56.342823 37.512769 79.601265 -91.502724 -35.799239 25.550970 63.423744 8.498199 -39.342840 -58.863188 -54.493815 -19.215067 19.229193 -43.212174 -10.002196 20.137163 -45.608916 -60.816588 -3.711010 -58.827140 -18.841499 -50.184653 74.589557 37.552805 60.841302 -1.872069 -24.617736 74.998014 22.212848 -32.970067 40.809073 -21.444329 -95.457298 20.410338 
-12.947053 -31.256537 -54.038692 -49.523309 77.241662 6.618468 -8.386498 -77.252153 87.403401 -89.157305 -20.464327 -22.598795 30.979858 33.926757 16.584617 -72.731152 75.099617 97.743117 -22.915805 49.689173 35.295922 -62.074504 -52.182896 -89.321813 -87.076489 70.029952 -22.291881 53.732583 -51.414377 -17.749178 -25.857078 35.638570 50.994285 20.104229 86.115260 28.235947 -73.277303 -22.271238 50.983794 -85.873902 -11.428543 -69.480533 -8.472698 -80.448685 64.446224 -91.888081 -53.179837 39.545840 -94.144964 23.904357 
-10.764986 41.150958 61.829854 37.052118 51.829145 74.753364 7.082070 -70.462736 28.485948 55.667693 11.788086 -97.371131 -8.693738 -37.217629 22.733098 -22.578477 91.018318 49.455795 55.150285 42.002111 63.581893 -56.278258 72.521578 -44.890805 -36.726943 36.967801 -36.778886 10.093220 -23.486359 -30.923850 -66.002422 65.748655 -89.772892 95.827431 2.800773 62.056253 70.580795 -90.117158 91.593517 -0.933257 65.550535 3.381603 1.695612 -43.143202 66.163974 -75.571290 34.278320 57.182292 73.884506 -10.571395 
-0.815597 37.466398 33.150348 -28.294019 92.575593 96.423405 -91.326217 -44.203293 6.516625 -14.812576 24.872857 40.514203 -49.063921 35.099966 36.341634 53.736852 -2.843781 6.922429 63.619694 -11.250264 -94.010828 29.170230 92.131339 7.684784 86.027027 58.295314 32.113494 20.305347 15.477606 5.997999 -90.266047 -85.337991 -56.535602 42.884300 -13.632010 -63.960009 39.307705 -4.958227 -8.163302 -54.175670 80.229197 -83.290444 86.338533 -68.834724 51.809521 22.680167 84.902128 -51.034260 -70.397404 48.521823 
37.715476 -64.408233 -22.307948 29.846815 43.276551 -36.280921 -11.857871 -24.609955 84.024427 -96.380266 81.388044 93.758379 -81.718257 -75.147558 36.642679 4.649734 -39.107567 -24.049616 99.691507 52.729132 21.774714 79.920704 69.438688 8.113247 -88.914020 21.248209 -69.206586 95.988108 70.213949 -39.603991 44.509931 7.929425 -4.012223 -77.798017 -62.223760 -60.735672 -14.078938 25.918368 14.654373 -30.054511 29.538103 -3.957583 -36.296132 47.819846 20.894859 -99.653453 -47.530420 81.787292 -23.703068 -47.838914 
34.516424 98.071646 -67.918210 3.955111 6.184893 -56.832230 -74.796680 36.978307 -60.844122 95.417269 97.374316 83.665809 3.346694 -6.637907 -94.132208 41.122933 32.626420 -8.211146 -32.958699 -52.719207 61.734343 96.579404 43.323210 -74.561789 44.399250 -35.781931 -74.215242 96.868829 -53.994639 2.081690 -50.970084 80.521784 0.153336 -18.888294 -15.523105 -93.661771 24.279476 9.680215 43.316536 63.435354 5.097484 40.690852 47.101163 -91.555822 -65.947055 52.968955 49.567111 66.679365 -55.242191 -83.391588 
-86.039842 -93.507848 -86.812184 57.283368 -68.069637 57.587066 -78.498564 -42.284879 54.455896 -32.493203 59.796811 -96.514189 -51.971419 -40.049853 -15.402483 32.505476 -33.711623 -91.123007 -57.814308 -90.395087 72.312348 47.283176 50.295765 19.413511 55.727354 84.348710 -27.617534 5.294465 51.028075 17.140275 21.902877 64.988233 23.632428 35.090693 22.271601 55.562790 -7.322241 43.773037 -86.722088 -52.866345 -88.720166 73.074723 -49.380534 -40.691585 -66.975130 35.216983 91.813891 -0.686753 44.093977 -66.000417 
8.918160 16.406324 81.282759 -40.786075 -64.180165 37.010113 -56.437364 8.202301 -57.695423 94.590711 -74.657423 64.207454 59.578944 48.975004 -0.701853 -18.149455 4.537795 91.975907 -74.376417 17.815706 -60.890438 -63.096584 -9.109571 -10.270972 -3.788168 23.915299 -75.053989 -11.974277 -76.771454 69.039987 22.025306 32.146706 -14.553689 3.308065 91.360632 21.266147 -59.681823 -65.076733 -70.531552 -17.377245 -70.486022 -45.188975 -53.169791 89.092922 -96.213971 46.128356 -29.056532 8.323824 38.104263 -3.432950 
-73.860470 77.213825 33.470467 17.029959 -33.057148 -70.317702 -59.054741 -8.111137 17.708021 -35.826195 -39.071149 -60.266673 96.320511 46.375162 43.041392 87.681143 -32.358691 83.359569 -77.395590 -2.890243 -34.017676 -47.881612 51.920782 12.812532 -58.788690 55.706811 -41.059112 12.154778 -35.969365 97.045151 -91.278172 -9.829835 74.258976 42.192295 -92.799876 -58.798172 71.874593 -51.854617 33.090691 -10.417386 12.319188 94.019542 29.315940 8.639699 40.394704 -27.642668 -3.679158 -91.963988 -44.283099 18.925252 
5.145769 21.699224 71.043640 -42.933449 -65.488243 -87.745049 -87.226639 -6.547355 24.409729 -23.196004 -9.502204 33.131557 66.974161 -35.243228 -24.676149 74.174285 5.958600 -52.801556 -77.680332 -60.950709 36.781058 34.638856 -66.931168 -33.903002 -56.721445 73.463536 38.454330 39.599397 81.499549 94.171231 -41.475350 -13.354682 15.870455 -70.431710 43.711868 50.382212 -58.176759 56.485230 -56.165143 66.232970 -66.710774 34.332653 -0.635474 -99.736614 99.089425 74.688378 74.437672 5.048025 -78.113178 96.757340 
